"GO.ID"	"Term"	"Annotated"	"Significant"	"Expected"	"classic"
"GO:0008168"	"methyltransferase activity"	276	11	4.67	"0.00749"
"GO:0016741"	"transferase activity, transferring one-c..."	301	11	5.09	"0.01372"
"GO:0016874"	"ligase activity"	368	12	6.22	"0.02309"
